$ 1 0.000005 45.7144713268909 50 5 43 5e-11
r 304 48 304 16 0 120.72
R 144 16 144 -32 0 0 40 12 0 0 0.5
r 144 16 144 80 0 940
w 144 80 192 80 0
w 192 80 192 128 0
w 192 128 272 128 0
w 304 112 304 48 2
R 304 16 304 -48 0 0 40 5 0 0 0.5
w 144 80 144 112 0
g 224 160 224 176 0 0
f 192 128 144 128 32 1.5 0.02
f 272 128 304 128 32 1.5 0.02
w 304 144 304 160 0
w 304 160 224 160 0
w 144 160 144 144 0
w 224 160 144 160 0
w 416 48 304 48 2
a 416 64 528 64 9 15 -15 1000000 3.7805647544173984 3.780601841675032 100000
a 432 256 528 256 8 15 -15 1000000 3.7999612819972697 3.8 100000
r 528 64 528 112 0 1000
r 528 128 528 176 0 270
r 528 192 528 240 0 1000
w 432 240 432 192 0
w 432 192 528 192 0
w 528 240 528 256 0
w 528 192 528 176 0
w 528 112 528 128 0
w 416 80 416 112 0
w 416 112 528 112 0
w 528 64 544 64 0
r 544 64 608 64 0 56
r 608 64 672 64 0 1000
a 608 128 704 128 8 15 -15 1000000 3.666448416324132 3.666477531282035 100000
w 608 64 608 112 0
w 608 144 608 240 0
r 528 256 592 256 0 56
r 624 256 688 256 0 1000
g 688 256 688 272 0 0
w 592 256 608 256 0
w 608 256 624 256 0
w 608 256 608 240 0
w 672 64 704 64 0
w 704 64 704 128 0
w 704 128 784 128 2
R 256 272 192 272 0 0 40 5 0 0 0.5
r 256 272 336 272 0 24000
r 336 272 336 352 0 76000
g 336 352 336 384 0 0
w 432 272 336 272 0
38 0 F1 0 119.28 120.72 -1 Resistance
