$ 1 0.000005 5.023272298708815 64 7 50 5e-11
w 112 192 112 224 0
w 112 224 176 224 0
c 112 224 112 288 4 3e-7 1.155230376380708 0.001 0
g 112 288 112 304 0 0
r 112 192 112 64 0 1000000
w 112 64 240 64 0
R 64 64 16 64 0 0 40 2 0 0 0.5
O 304 160 320 192 0 0
165 176 96 192 96 6 1.9999155314844896
w 240 64 304 64 0
w 304 64 304 128 0
w 352 160 304 160 0
w 352 160 352 32 0
r 352 32 160 32 0 10000
w 160 32 160 192 0
w 112 192 160 192 0
w 160 192 176 192 0
g 272 256 272 272 0 0
184 448 208 512 208 0 2
155 448 608 496 608 0 0
w 352 160 352 208 0
w 352 240 448 240 0
g 400 304 384 304 0 0
v 400 304 416 304 0 0 40 5 0 0 0.5
g 448 208 384 208 0 0
162 576 208 640 208 2 default-led 1 0 0 0.01
g 640 208 672 208 0 0
w 64 64 64 400 0
162 464 512 384 512 2 default-led 0 1 0 0.01
w 64 64 112 64 0
a 112 416 208 416 9 15 -15 1000000 12 2 100000
v 112 464 112 432 0 0 40 12 0 0 0.5
g 112 464 112 480 0 0
w 64 400 112 400 0
w 208 416 256 416 0
g 208 496 208 528 0 0
r 208 464 208 416 0 1000
g 208 368 208 352 0 0
c 208 416 208 368 4 0.00001 -15.000999984999986 0.001 0
v 208 496 208 464 0 0 40 5 0 0 0.5
w 352 208 352 240 0
w 256 416 512 416 0
w 512 416 512 368 0
w 544 608 544 368 0
g 240 896 240 912 0 0
w 128 832 144 832 0
w 80 832 128 832 0
w 128 672 128 832 0
r 320 672 128 672 0 10000
w 320 800 320 672 0
w 320 800 272 800 0
w 272 704 272 768 0
w 208 704 272 704 0
165 144 736 160 736 6 1.6600379978206267e-16
O 272 800 288 832 0 0
R -32 608 -64 608 0 0 40 5 0 0 0.5
w 80 704 208 704 0
r 80 832 80 704 0 1000000
g 80 928 80 944 0 0
c 80 864 80 928 4 3e-7 1.660214919925545e-12 0.001 0
w 80 864 144 864 0
w 80 832 80 864 0
w 320 672 448 672 0
s -32 608 16 608 0 1 false
w 16 608 384 608 0
R -48 704 -80 704 0 0 40 12 0 0 0.5
r 0 704 80 704 0 1000
34 NZX8V2A,133 1 7e-7 0 4.092059374987172 7.9 1
z 384 608 384 640 2 NZX8V2A,133
w 384 608 448 608 0
r 384 608 384 512 0 1000
g 384 512 384 496 0 0
s -48 704 0 704 0 1 true
g 624 672 656 672 0 0
r 544 672 624 672 0 4700000
w 512 416 624 416 0
w 688 368 544 368 0
r 464 512 512 512 0 100
w 688 368 688 416 0
153 656 416 656 512 0 2 5 5
w 640 416 624 416 0
w 672 416 688 416 0
w 656 512 512 512 0
w 416 304 448 304 0
w 448 304 448 272 0
w 384 640 448 640 0
w 448 640 448 672 0
38 6 F1 0 0 20 -1 Voltage
