$ 1 0.000005 45.7144713268909 50 5 43 5e-11
r 304 48 304 16 0 5000
R 144 16 144 -32 0 0 40 5 0 0 0.5
r 144 16 144 80 0 6535
w 144 80 192 80 0
w 192 80 192 128 0
w 192 128 272 128 0
w 304 112 304 48 2
R 304 16 304 -48 0 0 40 5 0 0 0.5
w 144 80 144 112 0
g 224 160 224 176 0 0
f 192 128 144 128 32 1.5 0.02
f 272 128 304 128 32 1.5 0.02
w 304 144 304 160 0
w 304 160 224 160 0
w 144 160 144 144 0
w 224 160 144 160 0
w 416 112 304 112 2
a 416 128 528 128 9 15 -15 1000000 2.4933302364694017 2.49335140984776 100000
a 432 320 528 320 8 15 -15 1000000 4.999946240613587 5 100000
r 528 128 528 176 0 270
r 528 192 528 240 0 1800
r 528 256 528 304 0 270
w 432 304 432 256 0
w 432 256 528 256 0
w 528 304 528 320 0
w 528 256 528 240 0
w 528 176 528 192 0
w 416 144 416 176 0
w 416 176 528 176 0
w 528 128 544 128 0
r 544 128 608 128 0 5600
r 608 128 672 128 0 5600
a 608 192 704 192 8 15 -15 1000000 2.6879367352612613 2.6879693206176083 100000
w 608 128 608 176 0
w 608 208 608 304 0
r 528 320 592 320 0 5600
r 624 320 688 320 0 5600
g 688 320 688 336 0 0
w 592 320 608 320 0
w 608 320 624 320 0
w 608 320 608 304 0
w 672 128 704 128 0
w 704 128 704 192 0
w 704 192 784 192 2
R 336 336 192 336 0 0 40 5 0 0 0.5
w 432 336 336 336 0
38 0 F1 0 100 5000 -1 Resistance
