$ 1 0.000005 16.817414165184545 31 7 50 5e-11
w -256 176 -256 208 0
w -256 208 -192 208 0
c -256 208 -256 272 4 3e-7 9.72006760752294 0.001 0
g -256 272 -256 288 0 0
r -256 176 -256 48 0 1000000
w -256 48 -128 48 0
R -256 48 -288 48 0 0 40 14.8 0 0 0.5
O -64 144 -64 192 0 0
165 -192 80 -176 80 6 0.0009720809879381929
w -128 48 -64 48 0
w -64 48 -64 112 0
w -16 144 -64 144 0
w -16 144 -16 16 0
r -16 16 -208 16 0 10000
w -208 16 -208 176 0
w -256 176 -208 176 0
w -208 176 -192 176 0
g -96 240 -96 256 0 0
g 368 112 352 112 0 0
g 496 176 496 192 0 0
r 496 144 496 176 0 100000
162 496 96 496 48 2 default-led 1 0 0 0.01
w 384 144 496 144 3
w 384 144 320 144 0
w 320 144 288 144 0
w 288 144 256 144 0
w 256 144 224 144 0
w 224 144 48 144 0
w 496 96 496 144 0
w -256 48 -256 -176 0
g 496 0 496 -32 0 0
34 zener-12.1 1 1.7143528192810002e-7 0 2.0000000000000084 10.23 1
z 496 0 496 48 2 zener-12.1
d -16 144 48 144 2 default
162 304 -160 416 -160 2 default-led 0 1 0 0.01
v -384 -208 -256 -208 0 0 40 12 0 0 0.5
g -384 -208 -400 -208 0 0
r 416 -160 416 -96 0 22
a -256 -192 -176 -192 9 15 -15 1000000 14.8 12 100000
g 416 -96 416 -80 0 0
34 zener-5-4 1 1.7143528192810002e-7 0 2.0000000000000084 5.1 1
z -128 -240 -128 -192 2 zener-5-4
g -128 -112 -128 -80 0 0
r -128 -112 -128 -192 0 5000
r -128 -288 -128 -240 0 1000
g -128 -288 -128 -320 0 0
d -176 -192 -128 -192 2 default
S 432 96 368 96 0 1 false 0 2
R 368 80 320 80 0 0 40 12 0 0 0.5
w 432 96 432 -64 0
w 432 -64 144 -64 0
150 144 -160 304 -160 0 2 0 5
w -128 -192 144 -176 0
I 144 -64 144 -144 0 0.5 5
r 432 96 496 96 0 56
o 22 256 0 12291 12.680364498293372 1.300895532122214 0 2 22 3
o 21 256 0 12291 2.3067640123440203 1.288619362436278 1 2 21 3
o 31 256 0 12291 10.373600485949352 1.2886193633822491 2 2 31 3
o 11 256 0 12291 13.499870195535733 1.3003092410453068 3 2 11 3
38 6 F1 0 0 20 -1 Voltage
